4891,1737,1745,0.000255547
4122,761,1260,0.0021104
3580,330,1703,0.00231792
4810,1585,1813,0.00257544
2844,1901,1638,0.00276614
3499,243,430,0.00242332
63,1695,22,0.0002189
2464,1963,1289,0.00632671
380,132,2053,0.00075179
4680,1392,1394,0.00378697
4391,1060,1946,0.00159607
5018,2056,2010,0.00154717
4597,1297,1753,0.000151766
231,770,79,0.000372813
4708,1418,1419,0.000483017
85,31,1211,0.00179945
4160,806,1133,0.00368541
4553,1220,1250,0.000149924
660,586,241,0.000116656
236,98,81,0.00132404
4150,801,798,0.000628812
3217,45,70,0.00454946
215,1373,75,0.000162871
418,265,151,0.00342005
2554,1612,1348,0.00013455
3613,362,965,0.000300591
2321,1236,1160,0.00139691
505,255,181,0.000606828
4400,1069,1529,0.00189335
4920,1779,1859,0.00202939
117,43,55,0.00284255
1617,706,899,0.00103945
390,138,2031,0.00401986
4600,1302,1473,0.00155671
4314,963,1161,0.00138853
675,1978,248,0.000352915
4979,2060,1893,0.00152444
2828,1619,1620,0.000125131
994,393,392,0.00126701
1274,531,1515,0.0012133
3144,3,1935,0.00124898
2138,1324,1019,0.0030035
3800,504,522,0.000633658
3792,497,1381,0.00182816
3309,107,1010,0.00145679
3801,504,526,0.000769273
2504,1924,1316,0.00226077
2975,1798,1794,0.00317422
4221,860,1777,0.00015237
636,232,831,0.00254582
3818,514,815,0.000845546
4821,1641,1851,0.000560245
1437,688,604,0.0018024
2483,1621,1305,0.0031317
4209,849,1851,0.0039434
4134,775,844,0.00141779
45,1438,13,0.000351305
246,1853,84,0.00028193
2757,1920,1540,0.000286378
827,317,315,0.0002471
2775,1557,1556,0.0001611
443,1266,159,0.000483203
3559,309,1801,0.000864303
4077,717,1587,0.000316159
3615,364,440,0.00184911
2259,1340,1110,0.00128456
2944,1775,1769,0.00561821
201,175,70,0.00121067
2869,1668,1667,0.00127027
3293,94,1707,9.30009e-05
1687,1992,742,0.000722057
4185,1127,829,0.00129914
1909,1670,874,0.00253641
3165,11,16,0.00287791
623,228,1670,0.00128433
3084,1975,1969,0.0001667
663,1484,242,0.00285183
2403,1250,1220,0.000149924
1394,1780,583,0.00265221
2746,1536,1534,0.000972984
3304,105,155,0.00299642
3234,57,1260,0.00043573
563,204,205,0.000494831
4042,690,691,0.00307699
4284,934,1313,0.00184601
4630,1334,1579,0.00112286
1532,1424,657,0.00312562
4031,675,1074,0.00191884
141,109,50,0.00237471
3544,296,1388,0.000308304
4030,675,1077,0.000679954
128,46,165,0.00108344
3991,647,654,0.000323901
1834,1192,832,0.000590151
2399,1223,1216,0.00136603
29,966,7,0.00310027
212,1368,74,0.000328505
4894,1740,1747,0.000511053
2710,1698,1494,0.0013842
3014,1895,1848,0.00219617
2358,1199,1185,0.0008118
2384,1359,1205,0.00115126
3866,545,936,0.0019578
1379,768,577,0.00253974
3431,196,673,0.00022679
186,65,123,0.00118882
4120,760,761,0.0020331
2633,1465,1415,0.00197064
202,265,71,0.00165837
1959,916,901,0.000201581
1376,1403,574,0.00220019
3977,636,2040,0.00120866
1325,816,552,0.000519565
2078,1492,977,0.0006957
449,169,162,0.00346123
1147,467,1723,0.000161245
4790,1524,1525,0.00424516
481,175,173,0.00142852
993,1959,392,0.00201719
3472,227,1229,0.00012704
661,446,242,8.88203e-05
1100,994,440,0.00268391
2670,1458,1456,0.0010506
665,568,243,0.00011661
119,1401,44,0.000833788
3171,14,1263,0.00104702
34,1969,8,0.00283511
2496,1937,1312,0.00348649
3208,215,36,8.77447e-05
2301,1146,1773,0.00121926
3332,121,135,0.00243865
3369,155,1285,0.00015471
4783,1517,1520,0.00503024
3822,516,1843,0.00105745
3820,516,1842,0.000985671
2919,1739,1734,0.000286351
886,342,519,0.000341461
4086,726,1665,0.0034499
2357,1622,1184,0.0001801
1039,508,414,0.00165614
3543,296,1049,0.000299704
4759,1493,1495,0.00257226
2693,1473,1621,0.00164749
2391,1337,1208,0.00188813
3185,22,1072,0.000543118
4907,1769,1899,0.00178046
4747,1964,1474,0.00117658
3295,95,1066,0.00548076
1033,409,1173,0.00209151
2285,2024,1133,0.000788203
4381,1050,1441,0.00212523
374,707,130,0.000682502
2173,1050,1445,0.000670606
2287,1136,1135,0.0011994
3875,547,624,0.00179537
108,39,294,0.00387268
4581,1277,1278,0.00371554
2518,1637,1324,0.000330251
2822,1970,1607,0.00188002
2192,1813,1068,0.0037395
2310,1203,1201,0.000523892
91,412,34,0.00238932
3275,82,1710,0.000476731
4128,768,1253,0.0010316
876,339,908,0.00129558
2509,1997,1318,0.00194431
2359,1783,1186,0.000877923
2419,1257,1244,0.00219394
3752,455,492,0.00301273
2667,1453,1796,0.00126857
3611,356,357,0.00010716
3093,1987,2044,0.0020077
4044,691,693,0.000877475
1592,691,690,0.00307699
1368,1914,570,0.00190789
3745,447,474,0.00378121
1451,651,650,0.000322136
816,322,308,0.00146487
4998,1972,1939,0.00376556
4960,1849,1886,0.0024866
1857,958,843,0.00258882
4671,1527,1383,0.00369052
3011,1882,1846,0.00357771
3007,1840,1858,0.00310906
3691,417,827,0.00275869
460,711,165,0.000698039
1061,447,421,0.00218559
3807,508,827,0.000907204
932,884,364,0.00213701
4438,1103,1983,0.000288003
536,195,743,0.00158054
4502,1729,1172,0.000157105
4835,1605,1615,0.000820295
809,879,306,0.0031833
2725,1697,1509,0.0011267
1499,2049,640,0.000740701
2338,1172,1729,0.000157105
2245,1797,1104,0.00204131
2372,1277,1195,0.000758301
1879,1521,855,0.00829129
4795,1545,1570,0.00015298
669,744,246,0.000456543
1567,1077,675,0.000679954
240,448,83,0.000163817
3023,1867,1863,0.00650117
4590,1290,1292,0.000659724
1546,664,1483,0.000108953
2140,1881,1020,0.000682108
1167,481,1123,0.00208133
3421,190,1472,0.0015913
929,680,363,0.000624074
2091,988,987,0.0014184
295,1024,102,0.0028959
4946,1831,1866,0.00363131
3936,592,1442,0.00442772
4947,1831,1863,0.00401931
938,414,366,0.0002544
4515,1181,1183,0.000880069
1963,2028,905,0.00132356
3243,61,1528,0.000656293
2901,1704,1760,0.00479221
226,164,78,0.00293508
370,1857,128,0.00366828
3240,61,1526,0.000276796
3242,61,1527,0.000303314
2367,1278,1193,0.000663104
3907,576,1444,0.000294413
454,163,231,0.000744581
2569,1360,1357,0.00362763
3864,576,1447,0.00339636
48,1263,14,0.00104702
2610,1489,1395,0.000649938
766,284,285,0.0030892
2299,1147,1144,0.00731835
845,409,326,0.000581401
429,1285,155,0.00015471
277,1707,94,9.30009e-05
884,581,342,0.00402776
1651,725,1141,0.000491674
4819,1597,1602,0.000150456
1375,997,574,0.00312301
4207,1000,845,0.00364552
525,208,189,0.000412541
3628,370,2028,0.000122485
2527,1850,1332,0.00128753
1894,1995,865,0.00238991
1444,819,610,0.000855013
4480,1143,1912,0.00164373
1179,1195,486,0.00364196
4939,1825,1864,0.00457067
3637,376,551,0.00248223
176,1300,62,0.000136373
1148,475,470,0.00152005
4642,1347,1589,9.94904e-05
2559,1350,2047,0.00260719
4602,1307,1310,0.00225778
1120,450,1583,0.000895373
4820,1597,1598,0.000247105
2488,1990,1307,0.000161118
1924,1205,880,0.00228561
3596,343,770,0.000251233
4527,1194,1851,0.000607126
315,108,1800,0.000961851
2533,1485,1334,0.000843722
1581,682,1920,0.00272867
1842,1443,837,0.00169632
3960,618,789,0.00366733
3903,571,1561,0.00432145
3353,141,501,0.00143754
4766,1497,1703,0.0014123
3490,238,490,0.00013977
1597,1545,694,0.00675715
1835,1564,833,0.00364225
683,1272,251,0.00404004
24,1596,5,0.00071746
4582,1277,2045,0.0009043
2452,1278,1277,0.00371554
795,297,298,0.00082006
3505,248,930,0.0014546
4802,1559,1994,0.00329981
1549,688,665,0.00166399
4746,1474,1478,0.00414635
3539,291,1029,8.98143e-05
2818,1606,1604,0.000934322
820,1801,310,0.00028163
3764,1234,474,0.00313113
3031,1989,1885,0.00235255
1101,603,441,0.00378614
1624,709,1463,0.0014839
1489,640,632,0.000129606
3838,527,677,0.00341588
4405,1073,1075,0.000590334
2280,1129,1128,0.00024059
1944,896,893,0.000898385
1234,1308,511,0.00276672
1481,630,967,9.90223e-05
1949,896,897,0.000173477
2374,1259,1196,0.000144623
2849,1644,1643,0.00159472
4490,1152,1954,0.000865172
1129,2061,455,0.000741979
4137,785,1135,0.000388171
1045,449,417,0.00304884
1934,1524,885,0.00297169
1864,1286,847,0.00110691
1042,1798,415,0.000372125
969,1304,380,0.00233881
777,291,288,0.00326411
1187,1220,490,0.000553783
463,2024,167,0.0028074
4206,1465,868,7.50096e-05
3287,88,665,0.000200384
1619,911,706,0.00302963
720,719,264,0.000457729
3703,421,501,0.00288058
1935,1937,885,0.000182157
298,103,1252,0.00182949
524,750,189,0.00147219
4441,1104,1105,0.000393531
3082,1967,1976,0.000169202
3322,724,116,0.00613027
3067,1943,2024,0.00368013
2085,982,981,0.000610449
4255,1625,898,0.00154442
4329,982,983,0.000367828
1281,533,731,0.00119656
2470,1297,1294,0.000248997
1674,1075,733,0.00135442
4095,741,1827,7.59024e-05
2172,1051,1049,0.000207702
4904,1753,1759,0.000672383
474,172,171,0.00195664
1482,2054,630,0.00106192
3385,165,711,0.000698039
2838,1629,1852,0.00128353
2684,1522,1467,0.00244036
1362,568,1221,0.000447178
2986,1952,1816,0.000184082
4676,1445,1388,0.000958773
4542,1206,1601,0.00106837
4846,1638,1841,0.0092102
4327,981,1076,0.00141961
391,406,138,0.0002113
555,202,204,0.000327056
1296,692,540,0.00112358
4166,810,922,0.00320052
1036,411,1927,0.00037279
3000,1882,1831,0.00109591
4049,698,705,0.00224719
4634,1462,1336,0.00210283
3065,1941,1940,0.00243352
0,1274,321,0.00102991
2232,2065,1098,0.0011625
4403,1071,1588,0.0024126
3496,241,586,0.000116656
2558,1350,1646,0.000254235
4667,1381,2027,0.00393507
2060,1567,966,0.00234092
2,416,412,0.00162495
3845,532,540,0.00218267
3846,532,541,0.000864716
3844,532,542,0.0013031
1294,1616,539,0.00108761
3221,48,110,0.000169981
1345,1733,559,0.000190747
2288,1416,1136,0.000333636
3847,534,541,0.00301786
1464,621,1301,0.00114878
1021,436,405,0.00243244
2609,1433,1395,0.00199282
2117,1241,1006,0.0038326
4451,1114,1119,0.00644383
2405,1225,1223,0.0005133
2082,1379,979,0.00299706
4557,1225,1226,0.00303203
4351,1007,1665,0.000214027
2413,1240,1977,0.000185686
1338,558,680,0.00172244
1391,944,582,0.00330964
445,891,160,0.000826037
387,622,137,0.0014885
1110,1230,446,0.000574226
2284,1715,1132,0.00274626
2134,1781,1015,0.0029693
3445,271,446,0.0018488
2074,976,975,0.00118608
4535,1201,1202,0.0044992
4536,1201,1203,0.000523892
4781,1516,1520,0.000300089
4952,1839,1836,0.00349779
3050,1912,1910,0.000642011
3905,574,997,0.00312301
3452,211,378,0.00162389
2469,1295,1294,0.000720315
2709,1495,1493,0.00257226
375,130,628,0.0011835
2515,1322,1727,0.0012636
1523,718,654,0.00125271
3577,324,1411,0.00387552
3727,433,479,0.00450846
1955,899,1870,0.00358799
875,338,1672,0.00184053
3962,620,1113,0.00711224
4762,1495,1499,0.0016141
4771,1506,1978,0.00276022
3238,58,1419,0.00109331
2826,1613,1612,0.000449503
1441,608,1374,8.72097e-05
1031,459,408,0.0012248
3618,365,1191,0.00144203
2283,2007,1131,0.000228104
2689,1989,1470,0.0019483
4638,1345,1591,0.000232165
2683,1654,1466,0.00256484
3119,2043,2042,0.00103658
1773,795,788,0.000436744
4198,840,959,0.00564241
4674,1385,1660,0.0001163
3260,71,1948,8.90028e-05
3379,162,169,0.00346123
2054,961,958,0.00138079
1168,1121,481,0.000565743
2424,1247,1943,0.000127879
790,1445,295,0.000299041
1662,1792,727,0.000255902
4215,853,2029,0.00437359
1356,565,803,0.00130583
1578,1542,681,0.00291013
2616,1404,1804,0.00107274
3707,423,424,0.00172573
4046,939,694,0.000955977
4924,1790,1799,0.000206203
3744,471,1448,0.00279755
2792,1680,1579,0.0004884
4895,1743,1762,0.000217319
3723,432,437,0.00141613
2799,1590,2063,7.80785e-05
3386,166,1000,0.00149331
4395,1066,1984,0.000710404
2068,971,1628,0.00285697
341,116,1671,0.000999638
3381,162,618,0.0051853
1119,483,450,0.00020861
1609,2083,700,0.00111761
4092,739,1731,0.00116119
5036,2048,2052,0.00045228
1905,979,870,0.00474883
3313,126,716,0.00179568
3939,729,594,0.00233987
3138,1,1776,0.00201758
130,47,955,0.000941145
622,1229,227,0.00012704
3690,417,449,0.00304884
4279,1508,930,0.000833701
4969,1879,1898,0.00107248
2773,1554,1923,0.00233849
2690,1701,1471,0.00120731
1359,566,1783,0.00321553
1683,1731,739,0.00116119
150,2007,53,0.0009543
1423,597,1505,0.00446289
548,199,1732,0.0146269
1939,991,887,0.00104331
1486,1949,631,0.00120228
309,106,1853,0.000928844
1173,1927,484,0.00106514
2146,1022,1364,0.00408034
1677,734,1640,0.00190879
4890,1736,1762,0.00016199
1741,1571,771,0.00138218
4985,1906,1908,0.00245377
57,1487,20,0.0002304
3646,381,1814,0.00265751
1988,1507,923,0.0017602
1810,818,813,0.002285
847,468,327,0.00107656
2316,1155,1303,0.000198685
3053,1918,1924,0.00227257
1995,927,1496,0.000724541
3973,1366,630,0.000114004
4274,927,1490,0.00109662
4001,654,1944,0.000670971
4225,865,1983,0.00361807
3959,616,786,0.000665705
1067,425,1299,0.000129126
649,454,238,0.00235868
2220,1085,1097,0.000343947
2897,1705,1697,0.0016919
1472,668,625,0.000646902
1555,1348,667,0.000700851
3828,598,522,0.000624632
214,762,74,0.0018797
4531,1197,1275,0.00106861
1711,1805,755,0.000761134
4760,1494,1698,0.0013842
3606,353,1825,0.00254478
987,388,1763,0.000352996
1585,1608,686,0.00295264
5043,2078,2079,0.00193441
2777,1560,1557,0.00222286
3286,88,96,0.0014431
698,1504,256,0.000262153
1035,426,410,0.00275191
1933,1653,885,0.0034748
2578,1680,1370,0.0042403
69,24,1432,0.00265043
3220,47,887,0.000562784
1384,849,579,0.000139235
3873,547,633,0.0017973
2946,1935,1771,0.0019178
1493,635,664,0.0001497
4336,991,1913,0.00109618
1255,522,598,0.000624632
1719,762,759,0.00244295
2641,1424,1421,0.00136963
4970,1881,1884,0.00134326
557,414,203,0.0018933
4180,822,823,0.00114024
93,622,34,0.00248121
3978,636,2036,0.00139646
146,631,51,7.37082e-05
3928,587,680,0.00514704
1373,572,1113,0.00290991
3410,773,183,0.00455868
2251,1849,1106,0.0012384
2170,1672,1046,0.00228246
889,696,343,0.00284262
265,91,1507,0.00264247
2597,1383,1580,0.00389422
1027,453,407,0.00124883
3948,605,788,0.000844513
4863,1683,2068,0.0017812
3046,1901,1907,0.000557731
4373,1039,1113,0.00488197
4780,1516,1998,0.00276195
1092,1436,435,0.0026308
2407,1226,1225,0.00303203
1980,1533,919,0.00436322
3021,1875,1861,0.000200278
2621,1829,1409,0.000719528
4834,1605,1607,0.00136206
2500,1658,1314,0.00315981
3453,212,1087,0.0016424
807,305,304,0.000845803
1526,1422,655,0.0015346
1288,538,537,0.0037416
4029,675,1075,7.80859e-05
2293,1476,1139,0.00128271
4973,1885,1994,0.00314158
3794,498,741,0.000318745
936,1237,365,0.00257323
4627,1327,1720,0.00339315
4963,1856,1987,8.72001e-05
3250,66,2067,0.000956306
5029,2036,2041,0.00130825
5030,2036,2042,0.000559982
1396,913,584,0.00142136
2868,1667,1666,0.00131225
2025,941,940,0.00149476
2099,994,1158,0.00424707
3995,649,2026,0.00362064
169,160,60,0.000151426
2466,1296,1291,0.00107931
3181,20,1000,0.00361844
1564,1700,672,0.00329074
30,9,7,0.00306826
1098,439,438,0.00451757
3467,220,1505,0.0020697
4257,1624,898,0.00341928
2024,946,939,0.00378174
1178,1816,486,0.000120204
1087,439,433,0.00266853
1017,1633,403,0.000161783
4654,1365,1358,0.00113713
3654,385,1078,0.000829879
33,9,8,0.0036919
2531,1333,1456,0.00161111
3372,157,1524,0.00204169
3501,245,534,0.000123001
345,1488,118,0.000631104
3524,283,444,0.00125146
4749,1479,2020,0.00329378
1558,670,2032,0.00125938
1740,770,1102,0.00317654
227,2038,78,0.00162225
4697,1412,1749,0.00025754
304,649,104,0.00292688
3868,545,546,0.00407545
4250,888,889,0.00123801
946,1653,370,0.00642699
3870,546,1477,0.00128975
1986,923,926,0.00118986
3095,1993,1990,0.0019918
3871,546,1478,0.00401647
4100,746,1093,0.00174362
2480,1303,1333,0.00221962
3915,579,1244,0.00164771
2244,1886,1104,0.00122035
3320,115,622,0.0020008
473,174,171,0.00173344
1161,481,478,0.000541209
1729,1198,764,0.00126641
490,1584,177,0.0018119
1290,1177,537,0.000573306
1469,1936,624,0.000344738
826,1051,315,0.000545632
824,1051,314,0.000895933
2089,1532,986,0.00496959
3993,647,1586,0.00119699
4886,1734,1739,0.000286351
4885,1734,1737,0.000260146
4153,799,1747,0.00118313
442,159,1578,0.000766905
410,146,1460,0.00085452
2652,1436,1435,0.00220612
837,486,323,0.000182538
4837,1610,1611,0.000590502
950,626,372,0.0022198
4052,700,1872,0.00146014
4838,1610,1612,0.000108801
4539,1205,1359,0.00115126
2655,2006,1437,0.000534601
3733,436,1415,0.000233328
1233,511,1975,0.00275694
4385,1053,1061,0.000706711
3553,304,1405,0.000243925
216,75,1557,0.000164049
4171,814,1761,0.000230027
3162,10,1098,0.00186099
2460,2075,1285,0.000968841
4022,670,1873,6.2e-05
4174,815,1836,0.00138163
3836,619,525,0.000855701
4865,1743,1755,0.00111117
817,1801,309,0.000864303
707,259,1231,0.000411
4903,1752,1755,0.000218438
151,1269,53,0.000537304
4945,1830,2023,0.0015171
607,644,222,0.00050587
2179,1145,1055,0.00420458
4896,1743,1759,0.0001006
732,270,1092,0.000203246
1828,2023,829,0.00132084
113,56,42,0.000173219
611,864,224,0.00701532
381,763,133,0.000173123
53,18,26,0.00100132
4905,1756,1757,0.000544115
314,1836,108,0.00350564
3203,34,622,0.00248121
2539,1339,1338,0.00153325
4735,1456,1664,0.000181255
2981,1942,1808,0.00177063
1258,1623,523,0.000419337
706,1778,259,0.0044032
2520,1972,1326,0.00277101
1063,424,423,0.00172573
3402,178,830,0.000116759
3318,114,1766,0.0024786
3574,319,321,0.0002496
3328,496,118,0.000231886
221,833,77,0.000414289
4944,1829,1830,0.00305298
1663,1793,728,0.00022942
3161,10,1894,0.00251223
2379,1861,1200,0.000136202
1836,834,836,0.00196798
3383,163,575,0.00102595
1880,856,1502,0.00330672
2201,1075,1073,0.000590334
447,1847,161,0.00142684
2282,1655,1130,0.000848323
2035,945,951,0.00165725
2928,1762,1743,0.000217319
2744,1531,1718,0.000345177
289,152,100,0.003817
9,1239,1868,0.00101011
1477,627,912,0.000721876
4371,1041,1039,0.000446281
1393,1386,582,0.00244166
3321,115,148,0.00146573
1785,2066,800,0.000230562
1865,1242,848,0.000203953
1824,823,822,0.00114024
4470,1135,1740,0.000327938
4672,1384,1519,0.00081452
3675,404,641,0.00300113
4070,714,1018,0.0011765
59,502,20,0.00393191
2934,1752,1751,0.00066521
1156,474,1234,0.00313113
4220,857,1325,0.00365571
699,256,1942,0.0032023
1737,1253,768,0.0010316
3718,429,1930,0.00625731
4813,1589,1590,0.000438121
1289,1233,537,0.00260872
3433,196,292,0.000772635
1461,1113,620,0.00711224
4744,1470,1997,0.0012515
2428,1254,1251,0.00140756
4071,714,1016,0.00111316
1596,692,1511,0.00345645
368,1306,128,0.00015669
4862,1683,1686,0.00124533
3946,602,2066,0.00254068
4239,880,1479,0.00261275
3374,160,888,0.00112316
4677,1389,1460,0.00264243
139,1860,49,0.00191604
2189,1381,1065,0.00214321
1069,510,425,0.00354114
569,207,221,0.00258089
975,1950,384,0.00344039
1574,679,1466,0.000341537
543,480,197,0.00358418
1565,674,1112,0.00223638
3608,354,358,0.00037393
3225,50,109,0.00237471
3290,93,1991,0.000328746
2758,1541,1542,0.00277825
1209,1381,497,0.00182816
2647,1428,1427,0.0022138
2482,1305,1309,0.00318153
4691,1410,1754,0.000265068
840,1857,324,0.000603522
3048,1912,1906,0.00183989
1715,759,757,0.000131596
4188,834,1933,0.000469291
1371,572,682,0.00432952
4456,1124,2058,0.00492923
1095,515,436,0.00025013
3420,189,208,0.000412541
3500,243,568,0.00011661
4392,1063,1227,0.000927096
4739,1686,1695,0.000339068
2908,1868,1718,0.00257884
2476,1620,1302,0.000191509
4312,959,964,0.00182552
2163,1649,1038,0.0024523
2588,1378,1377,0.005582
2587,1378,1376,0.00422334
3923,583,1780,0.00265221
2720,1699,1501,0.001044
2863,1662,1669,0.000184253
3213,41,143,7.75e-05
1082,437,432,0.00141613
4205,844,858,0.001287
3109,2033,2016,0.00015742
1298,1495,542,0.000762901
64,1072,22,0.000543118
1019,641,404,0.00300113
709,735,260,0.000875582
2279,1414,1128,0.00108579
4065,710,1942,0.000745436
232,406,80,0.0022681
1366,1519,569,0.000872345
549,199,1430,0.00174317
1330,555,804,0.000212947
4567,1256,1270,0.000407608
1329,555,806,0.0062974
2888,1688,1692,0.012609
5020,2012,2014,0.00114218
3701,420,1648,0.0032632
1525,1402,655,0.00155955
2706,1631,1491,0.00156851
1643,1586,718,0.000305868
3933,591,604,0.00201346
812,1305,306,0.000127
1311,633,547,0.0017973
762,1374,281,0.000348127
3782,494,1229,0.0032354
2360,1188,1187,0.0018258
2077,1701,977,0.0028726
1636,1586,714,0.00257499
3423,191,1710,0.00133659
1425,865,599,0.00716857
3308,107,126,0.00327704
4142,787,862,0.00273681
3582,330,1501,0.00411331
4792,1718,1531,0.000345177
80,30,29,0.000591387
1929,883,1549,0.0022091
4660,1371,1551,0.000121553
4651,1924,1355,0.00628937
4996,1934,1935,0.00242785
4087,729,1585,0.001989
3893,563,2006,0.000913516
3931,590,1947,0.00163885
2190,2080,1066,0.0010209
1239,1292,513,0.000948677
2959,2071,1782,0.000846804
5022,2014,2017,0.000183341
4138,785,1527,0.00254689
2150,1040,1026,0.000686563
3789,496,1271,0.000626126
588,1822,214,8.17382e-05
72,25,824,0.000884328
4129,769,1869,0.000274307
3022,1862,1861,0.00232287
1212,2045,499,0.0010047
1003,1164,396,0.00134792
3958,613,614,0.00213994
1022,1464,405,0.00221754
208,72,143,0.00188868
1151,1002,471,0.00229159
389,138,372,0.00171771
4261,1681,917,0.00201453
4063,709,1858,8.00181e-05
1445,1276,610,0.00104098
3901,570,886,0.00116798
4986,1906,1912,0.00183989
984,965,387,0.000347591
457,268,164,0.00193321
981,397,386,0.00280925
1932,884,1012,0.000465114
378,284,131,7.30154e-05
5023,2014,2018,0.000692156
2176,2015,1053,0.000445448
2835,1861,1627,0.00392554
2002,930,1508,0.000833701
3483,235,1502,0.0021444
3278,83,172,0.00163962
4201,1834,842,0.000790701
4379,1049,1051,0.000207702
2236,1887,1100,0.000408171
4793,1911,1536,0.000200789
3509,250,1235,0.00104612
220,863,76,0.000534338
4850,1841,1645,0.00233628
1049,469,418,0.00112266
1332,1089,556,0.0045237
1867,1851,849,0.0039434
4308,957,960,0.00216943
2534,1566,1334,0.000925101
918,360,779,0.000172958
4745,1470,1989,0.0019483
2345,1178,1177,0.0030359
58,1569,20,0.000995214
4003,655,657,0.00122447
3079,1961,1979,0.00333061
3754,459,505,0.000935801
4510,1178,1179,0.00102915
262,194,90,0.00281882
145,268,51,0.0001058
3466,220,976,0.00147741
912,358,354,0.00037393
2997,2023,1830,0.0015171
2769,1556,1551,0.00517637
640,1502,235,0.0021444
432,156,1721,0.00693348
1198,1325,494,0.00393341
1200,1325,495,0.00146931
4984,1900,1904,0.00191513
2598,1383,1527,0.00369052
1088,434,466,0.0038077
2110,1025,1003,0.00116524
746,274,394,0.000410647
4509,1178,1182,0.000961401
1510,1569,646,0.00362733
3,474,413,0.00186789
2193,1741,1068,0.00109171
1085,1062,433,0.00108806
4853,1652,1660,0.000208804
2174,1441,1050,0.00212523
679,1508,249,0.0025227
1930,900,883,0.00307055
435,157,185,0.000121862
175,62,1784,0.00088457
3706,423,422,0.00383186
143,323,51,0.00174901
603,1027,221,0.000390761
2789,1932,1571,0.00406821
2324,1162,1163,0.000485906
2086,983,982,0.000367828
4930,1807,1812,0.002104
129,1321,47,0.000819232
4622,1319,1989,0.00194084
2004,1337,931,8.90728e-05
2212,1617,1081,0.000757506
393,626,139,0.00173353
4967,1866,1879,0.00503552
2936,1755,1752,0.000218438
1593,1859,691,0.00230812
2566,1353,1372,0.000267365
1181,1563,487,0.000126415
3990,1000,646,0.000979607
1778,1643,792,0.00295839
4897,1746,1749,0.000288656
584,382,212,0.00270595
1327,848,553,0.000480142
3535,289,2062,0.000235795
5026,2016,2033,0.00015742
3196,29,30,0.000591387
2210,1814,1080,0.00153174
357,623,122,0.00248162
2778,1928,1558,0.00302184
1185,505,489,0.00201608
531,193,539,0.00313154
1960,904,903,0.00220784
1647,723,920,0.000282003
1305,1476,545,0.00140356
3642,380,2002,0.00472702
252,761,87,0.000430617
596,773,218,0.0014905
4468,1132,1715,0.00274626
5012,1977,1981,0.00385046
317,1820,108,0.0062364
4428,1098,1855,0.00252029
874,1624,338,0.00355396
2983,1811,1810,0.00466501
2404,1224,1223,0.00302236
2406,1226,1224,0.000544566
4719,1436,1642,0.0054624
31,1434,7,0.00283025
1247,1384,517,0.000816706
453,967,163,0.00310826
4725,1443,1446,0.00196831
2188,1372,1065,0.00051805
1307,694,545,0.00597067
4877,1716,1717,0.00103774
691,1608,253,0.000148227
3812,511,1972,0.00015486
3681,407,826,0.000978001
313,1821,107,0.00142096
1068,1186,425,0.000655087
229,79,1162,0.00192393
3824,517,1384,0.000816706
4968,1872,2082,0.00345624
1718,1581,758,0.000990709
617,1921,225,0.00249331
879,1918,340,0.00257044
1724,1252,762,0.00238299
1915,881,877,0.00345015
4518,1184,1623,0.00241879
2618,1425,1406,0.00264202
1876,2029,853,0.00437359
2855,1660,1652,0.000208804
4815,2063,1591,0.000121276
501,181,180,0.000129847
1972,912,1645,0.00697338
3851,535,1139,0.00402728
2327,1760,1165,0.00173873
674,247,335,0.00130949
3644,381,382,0.00387206
194,126,67,0.00207695
105,87,38,0.0020408
4353,1016,1017,0.0017917
537,1980,195,0.000471225
4635,1336,1997,0.0031148
925,362,397,0.000356382
2217,1542,1111,0.000164186
3312,108,1820,0.0062364
3334,122,623,0.00248162
818,311,310,0.0008753
553,201,911,0.00094617
1404,588,1875,0.000139901
4347,1006,1031,0.000846688
2925,1757,1738,0.000757022
2987,2050,1819,0.00315422
426,1483,154,0.000174283
2116,1031,1006,0.000846688
1845,859,838,0.00215817
519,1055,187,0.000137607
3527,285,1880,8.64037e-05
3226,50,145,0.000170118
787,1029,291,8.98143e-05
356,763,122,0.00153493
1385,1259,579,0.000997448
4478,1772,1140,0.00102537
955,376,374,0.00299159
2319,1157,1156,0.00245213
590,215,214,0.00141865
629,236,229,0.00440907
2601,1660,1385,0.0001163
3775,489,505,0.00201608
3068,1946,2057,9.59876e-05
2895,1693,1694,0.000488656
2821,1615,1605,0.000820295
3538,291,1044,0.00191171
2891,1693,1690,0.00111003
2361,1238,1189,0.00124126
1655,1455,726,0.00252543
4412,1079,1398,0.0019586
1874,1433,852,0.00138189
2572,1577,1358,0.00477755
1029,826,407,0.000978001
1725,1766,762,0.0001786
3609,354,359,0.00189977
416,1367,150,0.00113426
712,261,910,0.000119779
471,170,1521,0.000398379
758,1284,279,0.000395621
895,345,1764,0.000184303
711,261,915,0.00340708
3859,539,1616,0.00108761
2600,1717,1385,0.00090236
964,377,1304,0.00251864
2685,1468,1470,0.00218417
292,1459,101,0.0001057
1112,501,447,0.00069994
332,1209,113,0.000328618
4296,940,1716,0.000404841
4364,1032,1954,0.000917104
4723,1440,1441,0.0004597
1121,607,450,0.000526314
1334,2057,557,0.00469165
2798,1590,1589,0.000438121
5004,1957,1951,0.00187084
618,226,1008,0.00240594
1411,604,591,0.00201346
4301,945,946,0.000484315
1102,1832,441,0.001617
4271,925,1490,0.000114787
1744,774,1679,0.000796856
1171,482,1122,0.000588913
1108,1832,445,0.000477805
3892,562,1819,0.00174025
4081,722,1932,0.00244695
3827,521,1031,0.00239628
1782,1736,799,0.00059433
982,386,389,0.0028099
1825,825,824,0.00102278
1058,2053,420,0.000663994
599,1086,219,0.00136791
3315,1059,111,9.32363e-05
1134,505,459,0.000935801
692,253,1539,0.000232964
1414,1442,592,0.00442772
19,6,3,0.00249212
726,564,267,0.000751108
4096,742,1992,0.000722057
4517,1184,1302,0.000123855
3408,181,255,0.000606828
4623,1320,1324,0.00231521
4568,1256,1684,0.00019872
1078,1863,429,0.00202547
285,441,98,0.000585984
4572,1263,1438,0.000196076
3989,646,1569,0.00362733
4922,1780,1884,0.00128785
4888,1735,1744,8.75165e-05
2177,1054,1053,0.00053089
2417,1245,1243,0.0002468
3139,1,1897,0.00115364
1170,482,1728,0.000274328
259,445,89,0.00318615
813,1405,307,0.000855425
625,1800,228,0.00266145
4649,1351,2063,0.0004347
616,225,867,0.000121969
1495,2036,636,0.00139646
1723,1260,761,0.0021104
4718,1435,1436,0.00220612
191,66,297,0.00472742
3484,235,1086,0.000897108
4356,1020,1881,0.000682108
3349,135,515,0.00103443
3918,581,703,0.00191104
2149,1375,1024,0.00336661
1475,1504,627,0.00161447
786,1044,291,0.00191171
2199,1588,1071,0.0024126
3239,60,160,0.000151426
3246,63,301,0.000805222
4265,921,1656,0.0026116
4249,887,991,0.00104331
4714,1427,1428,0.0022138
609,226,223,0.000125903
4549,1216,1223,0.00136603
3481,232,1699,0.0025636
4799,1923,1554,0.00233849
1716,761,758,0.000394834
73,525,26,0.000537739
3373,158,887,0.00120128
1913,1145,876,0.000474126
2326,1165,1164,0.000595036
844,326,1117,0.000777801
2152,1982,1029,0.00326223
3970,629,1343,0.000598302
4465,1408,1129,0.000633421
4360,1023,1025,0.00573272
1507,794,643,0.000643267
3059,2064,1926,0.00219088
2443,1265,1264,0.00204537
2350,1181,1180,0.000975262
3495,241,453,0.00241964
4110,752,1147,0.0017312
4334,989,1357,0.00322036
913,359,354,0.00189977
1419,684,683,0.000225184
6,684,682,0.00415675
1579,684,681,0.00121497
4611,1313,1998,0.00318531
1871,1390,852,0.00201256
4953,1839,1996,0.00229757
4333,987,988,0.0014184
1145,466,468,0.00183756
3393,171,174,0.00173344
3444,269,631,7.08696e-05
3437,200,2006,0.00033881
3147,4,1607,0.000896008
3470,853,225,0.00314269
1494,2040,636,0.00120866
4767,1499,1699,0.0025192
580,596,211,0.00369406
3631,372,626,0.0022198
1260,1745,524,0.000309954
4159,806,1553,9.27195e-05
409,552,146,0.00169878
854,1703,330,0.00231792
583,1087,212,0.0016424
4639,1345,2055,0.000540927
568,1391,206,0.00261386
944,370,371,0.00514598
3199,33,889,0.0012277
4787,1523,1610,0.000175609
3384,164,640,7.57786e-05
4446,1106,1849,0.0012384
2429,1251,2061,0.00301708
126,46,130,0.00216671
1128,1224,455,0.000554368
3902,570,1251,0.000167522
4699,1413,1745,0.00109865
2254,1109,1147,0.00413772
922,361,556,0.000983045
2770,1680,1551,0.00430981
3207,176,36,9.26261e-05
3024,2027,1865,0.00183423
2309,1954,1152,0.000865172
2939,1765,1760,0.000387106
456,640,164,7.57786e-05
4800,1554,1908,0.00187654
652,1228,239,0.00167695
2196,1529,1069,0.00189335
3994,648,650,0.00218358
3839,528,1627,9.51064e-05
3432,196,629,0.00175837
436,157,370,0.00292521
2636,1757,1417,0.000252637
488,193,328,0.00423287
4195,840,843,0.00148265
324,467,110,0.00430757
171,1526,61,0.000276796
1353,2006,563,0.000913516
2679,1875,1464,0.000103749
2477,1302,1621,0.0001901
4951,1835,1847,0.0040397
3823,517,1631,3.64e-05
506,182,258,0.000156471
1627,1942,710,0.000745436
694,985,254,0.000387569
3116,2041,2038,0.00238001
4505,1176,1272,0.00295814
3693,417,1226,0.000985122
3944,599,865,0.00716857
3863,542,1495,0.000762901
4908,1769,1775,0.00561821
4369,1038,1980,0.00175168
4311,958,961,0.00138079
2332,1167,2033,0.000948545
1709,1957,753,0.000849774
334,1766,114,0.0024786
2852,1647,1648,0.00241542
3180,20,502,0.00393191
3178,20,1487,0.0002304
3043,1899,1900,0.00221499
3425,620,192,0.000830995
3912,578,591,0.0012124
4266,922,1650,0.00487892
366,175,127,0.000651011
2366,1987,1192,0.00145074
1958,920,901,0.00213724
3013,1992,1848,0.00225316
430,1366,155,0.000442115
1970,1672,907,0.00131178
4484,1148,1149,0.000355349
147,52,140,0.0021297
2884,2068,1683,0.0017812
4832,1604,1606,0.000934322
3634,374,376,0.00299159
3635,374,375,0.00384275
1001,399,395,0.00067794
4006,656,1425,0.00347477
2506,1316,1321,0.000578507
2383,1339,1203,0.00128997
2439,1262,1260,0.000390126
2263,1115,1509,0.00215
2171,1049,1048,0.000931713
3412,184,1700,0.00219075
2423,1945,1247,0.000249059
3463,219,1079,0.00103842
4661,1375,1376,0.00349289
1374,573,1618,0.00153587
4486,1149,1151,0.000564466
4485,1149,1150,0.000581289
2183,2058,1060,0.00295824
1648,919,723,0.000293991
3980,638,639,0.001211
2999,1863,1831,0.00401931
2095,1913,991,0.00109618
2241,1934,1103,0.00195362
2795,1813,1585,0.00257544
446,1193,161,0.00410642
4449,1110,1340,0.00128456
3808,508,828,0.00185313
2234,1895,1099,0.00137742
1383,1782,578,0.00202321
2637,1742,1417,0.000843541
3852,536,802,0.000889298
1620,1530,707,0.000656637
4918,1776,2002,0.00036037
3536,290,841,0.00194132
2594,1716,1382,0.000295641
870,1449,336,0.00157365
4005,655,1422,0.0015346
2041,998,948,0.00117754
748,277,275,0.00653013
4608,1310,1315,0.00310406
2724,1512,1507,0.00285618
4621,1319,1473,0.00127965
4455,1119,1817,0.0041562
891,2064,344,0.000748989
5038,2050,2051,0.000455983
4855,1654,1765,0.00346367
3854,537,1233,0.00260872
3508,249,1508,0.0025227
927,389,362,0.000337789
1759,1043,780,0.00018568
3867,545,1476,0.00140356
2463,1289,1831,0.00902419
3365,153,819,0.00344288
2395,1213,1212,0.00300053
4374,1045,1046,0.00155456
4375,1045,1047,0.000807252
3547,299,461,0.00108713
3284,87,761,0.000430617
4729,1451,1666,0.000117707
38,1894,10,0.00251223
2162,1980,1038,0.00175168
1124,458,452,0.000338093
114,160,42,0.00121895
4763,1496,1503,0.00195984
3090,1981,1977,0.00385046
1186,490,1219,0.000301385
3434,198,721,0.00243575
898,1174,346,0.000463111
4845,1636,2010,0.00117646
414,626,149,0.000177106
1169,1732,482,0.0014904
78,29,28,0.000289815
2715,1510,1497,0.00272271
4436,1103,1934,0.00195362
1111,446,821,0.0010238
1906,984,870,0.000530641
1037,1583,411,0.0019566
3877,551,2016,0.0068645
4123,762,1766,0.0001786
3825,520,522,0.0013113
1152,471,737,0.00051787
3363,149,1936,0.00186675
1392,942,582,0.00143713
37,574,9,0.000629407
1962,1945,903,0.00210767
1563,672,1118,0.000948754
419,152,1721,0.000154473
2586,1376,1375,0.00349289
4610,1312,1659,0.00466182
363,697,125,0.00200001
4411,1078,1579,0.0012145
134,48,1723,0.00432676
3837,525,914,0.00117272
2956,1876,1779,0.00480607
774,1878,287,0.0016232
1533,778,658,0.000172608
2824,1611,1610,0.000590502
4176,819,1257,0.00115941
2607,1394,1392,0.00378697
156,398,55,0.000144811
1490,633,2072,0.000850722
3540,295,1445,0.000299041
1984,1656,921,0.0026116
4047,696,704,0.00257099
3039,1988,1892,0.000147271
572,234,208,0.000456628
1150,470,1911,0.0040997
2003,1252,931,0.000160855
2570,2026,1357,0.00284803
578,210,286,0.000637784
1344,559,1946,0.00470704
1048,1226,417,0.000985122
2080,978,1532,0.000833907
779,507,289,0.00205466
1634,1018,714,0.0011765
1430,1807,600,0.00370829
2127,1011,1380,0.00024928
2295,1140,1772,0.00102537
3589,340,1918,0.00257044
404,1628,144,0.000278559
1228,509,1407,0.00171483
728,1986,268,0.00174968
354,121,152,0.00169276
11,1776,1,0.00201758
428,155,2070,0.000971613
552,1142,201,0.000974008
3123,2051,2050,0.000455983
5039,2051,2052,0.000842026
2373,1358,1195,0.002612
1346,1363,560,0.000528461
4340,996,1804,0.000169904
2705,1651,1490,0.00536583
4127,765,1257,0.0018002
1284,1535,535,0.00498567
3590,340,341,0.000825919
185,149,65,0.00179282
1664,1790,728,0.00310952
1731,765,1259,0.00119378
440,988,158,0.00244005
3748,453,1222,0.000289758
747,275,805,0.000267302
3348,134,1576,0.00330425
846,326,465,0.000414304
20,1607,4,0.000896008
3037,1891,1890,0.00059905
1993,1490,925,0.000114787
35,1971,8,0.000133816
4898,1746,1759,0.00016144
2542,1342,1403,0.00313172
1764,793,783,8.57525e-05
4689,1406,1425,0.00264202
2620,1406,1424,0.000726647
2881,1679,1920,0.00910771
1765,1645,784,0.00686653
1688,1030,743,0.00053775
2788,1712,1570,0.00265896
3344,129,997,0.000141205
3288,89,445,0.00318615
2793,1580,1582,0.00260649
3026,2082,1872,0.00345624
2365,1261,1192,0.00206065
408,146,971,0.000237005
678,1704,249,0.0014974
158,56,60,0.00118023
253,1264,87,0.000349624
2109,1427,1002,0.000901706
3018,1987,1856,8.72001e-05
287,1572,100,0.000766737
4341,996,1939,0.00274946
802,1893,300,0.0025019
388,137,148,0.00201191
4145,791,798,0.000429362
4977,1889,1904,0.000895136
1928,1537,882,0.001582
1401,604,587,0.00122129
2268,1730,1120,0.00116542
2604,1460,1389,0.00264243
1734,766,769,0.000395323
438,373,157,0.00493516
398,1234,141,0.0029732
3341,128,1306,0.00015669
850,328,723,0.000410596
2745,1534,1535,0.00311873
2870,1795,1668,0.00263245
4688,1405,1801,0.000232925
3105,2017,2014,0.000183341
3108,2017,2015,0.000313685
3311,108,1529,0.000252659
2681,1467,1466,0.000279635
3710,424,1505,0.0017755
3629,370,1653,0.00642699
4980,1896,1897,0.00184783
2336,1172,1910,0.00209976
2914,1730,1728,0.000578171
1554,1593,667,0.000812729
4399,1069,1185,0.00481094
1606,703,699,0.00257244
2967,1997,1790,0.00486174
2000,1486,929,0.00327169
586,1823,213,0.00196541
3182,21,1256,0.000412608
2017,1544,937,0.000155041
2305,1151,1149,0.000564466
4757,1491,1657,6.45003e-05
4604,1308,1326,0.0001535
1166,480,669,0.000608114
2540,1639,1339,0.000147449
1514,1586,647,0.00119699
614,225,853,0.00314269
2010,1659,934,0.00352834
2762,1544,1545,0.00256462
271,1562,93,0.00298015
2719,1510,1501,0.00230261
1306,546,545,0.00407545
1303,546,544,0.00410546
4167,810,1725,0.0036144
3951,610,819,0.000855013
2473,1298,1297,0.000682012
189,2067,66,0.000956306
957,378,374,0.00128381
2106,1023,998,0.000811535
996,1953,393,0.00150505
1253,1031,521,0.00239628
3222,48,161,0.00276572
4741,1467,1522,0.00244036
740,272,273,0.000202213
4801,1559,1985,0.0001214
559,828,203,0.0018328
182,1860,64,0.00695449
1047,507,417,0.000990373
3981,638,1498,0.00128509
3996,650,654,0.000239634
3753,457,2046,0.003339
1566,1075,675,7.80859e-05
3878,551,1091,0.00197427
3998,650,653,0.0009891
3850,535,1477,0.00135368
566,1978,206,0.00626443
3942,596,599,0.000406598
4344,999,1534,0.000877445
2289,1137,1909,0.0038987
230,873,79,0.00074362
1470,625,810,0.000389727
3135,682,684,0.00415675
5014,2067,1984,0.00140551
2673,1459,1457,0.00138417
3482,233,1854,0.0014532
3984,642,1830,0.000755135
4852,1649,1980,0.00138206
116,43,97,0.000134238
4570,1258,1437,0.000922307
4304,947,2047,0.00221144
2008,1937,934,0.00462661
4060,702,1376,0.00158893
2617,1801,1405,0.000232925
1528,1872,656,0.00437025
1459,789,618,0.00366733
4641,1346,2021,0.0013131
2842,2010,1635,0.000655421
3134,669,641,0.000995445
4281,931,1208,0.00185791
1138,472,462,0.00167283
2694,1620,1473,0.00162578
1358,2070,566,0.002983
1390,1119,581,0.00189817
4574,1264,1265,0.00204537
1450,839,613,0.000570707
4828,1601,1604,0.00115319
1630,1808,712,0.00219509
952,1787,373,0.000114953
3599,347,1871,0.000342805
1447,788,611,0.000457216
2186,1354,1064,0.000446462
3190,25,203,0.00359157
2579,1551,1371,0.000121553
3236,58,135,0.00143717
3626,368,369,0.00199454
1162,1120,478,0.00182066
4191,838,1529,0.0017054
2467,1753,1292,0.000127557
1629,711,712,0.00431575
4242,881,1155,0.00208792
4658,1370,1617,0.00185869
2145,1022,1353,0.000288157
2721,1978,1506,0.00276022
3510,251,1272,0.00404004
2964,1796,1789,0.000194912
423,1208,153,0.000651369
4066,712,1808,0.00219509
527,191,190,0.0025693
98,36,1822,0.00141855
1123,451,1121,0.0020663
4955,1846,1898,0.00509631
1957,901,1232,0.000261268
3737,440,994,0.00268391
3630,390,1444,0.00104868
4494,1154,1531,0.00137404
4782,1517,1651,0.000633458
3387,166,209,0.00243732
103,40,37,0.00172106
1190,491,524,0.00109695
2388,1207,1788,0.00232004
2599,1519,1384,0.00081452
2472,1753,1297,0.000151766
2450,1616,1272,0.00267113
2348,1183,1179,0.000950301
1485,631,1952,0.00174591
1535,1027,659,0.00089262
4431,1099,1895,0.00137742
1895,986,866,0.00352516
4058,702,1482,0.00184887
4461,1127,1129,0.000218862
1781,798,801,0.000628812
1870,861,851,0.00195122
92,1838,34,0.0015788
2541,1340,1531,0.0012021
2664,1451,1453,0.00131364
1542,663,802,0.00404941
1243,1842,516,0.000985671
485,176,1483,0.0016785
3489,238,454,0.00235868
2521,1720,1327,0.00339315
977,1905,385,0.0027647
839,1411,324,0.00387552
1310,1188,547,0.0016965
998,1508,394,0.0062784
2545,1345,1344,0.00024531
3152,25,1996,7.98952e-05
4847,1640,1641,0.00246575
4806,1571,1813,0.00448649
796,300,297,0.000533684
4829,1602,1603,0.000190547
1799,1492,807,0.0011792
4169,813,818,0.002285
1446,782,611,0.000105401
4497,1160,1236,0.00139691
3150,5,1404,0.00218183
4363,1032,1038,0.00273355
3088,1976,1975,0.000156131
2156,1954,1032,0.000917104
2716,1703,1497,0.0014123
1427,599,1088,0.00154672
3595,343,696,0.00284262
3087,1976,1972,0.00275573
3271,79,873,0.00074362
2175,1388,1050,0.00162514
1231,510,1366,0.00301911
4299,944,1384,0.00243708
3458,214,736,0.001817
2396,1215,1214,0.002588
1738,769,770,0.00205134
2265,1116,1115,0.000853848
3149,5,1596,0.00071746
4942,1828,2021,0.000789741
3129,2079,2078,0.00193441
4909,1770,2065,0.00124458
3136,877,1205,0.00100032
5044,2078,2081,0.00276423
1796,806,1943,0.000823836
1522,1944,654,0.000670971
484,459,174,0.00202862
4580,1272,1616,0.00267113
46,619,13,0.0010555
290,101,1845,0.000119929
3529,287,1874,6.35001e-05
1038,1929,411,0.00121099
2090,1913,987,6.10007e-05
4417,1083,1398,0.00386653
2096,992,1732,0.00293674
1291,1093,537,0.00121975
1229,509,1472,0.00249123
4579,1269,1684,0.000409204
2420,1245,2029,0.00608225
3530,287,1878,0.0016232
3060,1931,1929,0.00157745
74,589,27,0.002439
3661,392,1955,0.000663145
1748,844,775,0.00141779
4943,1829,2021,0.00152786
1994,926,1926,0.00261711
3404,179,1239,0.00145197
967,379,1768,0.00444709
2970,1791,1798,0.000855955
2714,1630,1496,0.00155157
3831,523,1623,0.000419337
1115,485,448,0.00254276
547,293,199,0.00197831
2487,1310,1307,0.00225778
1742,772,771,0.00292988
3965,1301,621,0.00114878
3027,1874,1982,0.00591641
1116,448,1634,0.00324873
1500,640,968,0.00309798
2882,1867,1683,0.00091371
4636,1339,1639,0.000147449
1516,1582,649,0.00356962
2522,1328,1330,0.00338458
2615,1403,1969,0.00365966
3911,578,587,0.00198681
2780,1559,1560,0.00239262
1692,1232,746,0.00119825
3262,71,636,0.00193754
3884,575,2054,0.00312327
3742,445,498,0.0043396
4728,1450,1956,0.000437604
1117,1021,448,9.32155e-05
4233,877,1443,0.00373916
719,264,734,0.00047683
3641,378,1087,0.00299141
750,1768,276,6.26001e-05
598,1814,219,0.00333314
225,2042,78,0.00164252
3640,378,1082,0.00378667
3298,98,441,0.000585984
1357,1777,565,0.00156006
2977,1867,1797,0.00269197
585,1814,212,0.00389512
3772,486,1195,0.00364196
791,1048,295,0.000292638
1756,1040,778,0.000594892
4804,1567,1568,0.000155752
1429,1811,600,0.000374689
4646,1349,1614,0.000817915
3832,523,1081,0.000850646
4346,1005,1403,0.000145335
821,315,312,0.0010386
